856
823
829
826
712
824
857
829
820
771
790
792
742
759
769
729
682
647
613
611
560
524
508
495
460
449
439
425
386
372
348
314
308
309
314
321
268
258
230
219
211
205
188
180
165
158
149
151
143
137
156
128
116
108
108
95
84
77
78
75
70
68
62
66
65
55
55
52
65
65
63
67
60
62
57
64
66
60
64
68
66
61
59
57
59
60
60
61
62
66
58
65
62
65
60
62
67
81
66
66
71
68
73
74
74
86
83
88
87
85
96
96
93
87
86
85
82
79
74
74
87
84
70
73
92
84
90
92
93
96
99
92
94
93
92
91
83
65
91
97
101
95
90
94
93
112
114
118
121
119
114
110
123
119
127
132
128
129
115
134
142
161
166
163
167
182
208
244
267
264
272
265
273
297
315
336
344
333
343
362
381
401
406
395
372
397
373
387
397
425
399
405
410
431
464
504
542
545
584
594
607
654
744
813
841
900
1002
1051
1142
1197
1345
1444
1540
1602
1657
1825
2065
2201
2330
2504
2574
2533
2755
3054
3183
3265
3355
3425
3579
3685
3867
3910
3931
3942
3900
3775
3863
3985
3867
3756
3702
3591
3560
3639
3791
3571
3414
3338
3231
3170
3269
3308
3244
3195
3079
3008
2867
2885
2951
2862
2690
2578
2475
2412
2393
2435
2303
2203
2045
2024
2043
2089
2116
2012
1946
1858
1858
1864
1953
2033
2022
1981
2000
1957
1874
1918
1923
1825
1725
1705
1668
1635
1673
1729
1683
1606
1586
1525
1518
1548
1583
1526
1478
1428
1385
1387
1433
1429
1383
1342
1304
1289
1275
1299
1318
1262
1212
1151
1062
1056
1104
1089
1069
1027
1030
999
1018
1085
1077
1064
1041
1018
988
1022
1073
1124
1097
1142
1114
1138
1155
1226
1287
1273
1242
1269
1285
1322
1406
1438
1449
1451
1462
1438
1495
1573
1614
1635
1641
1693
1651
1636
1710
1770
1787
1765
1753
1655
1671
1771
1854
1877
1807
1802
1734
1705
1799
1752
1687
1586
1550
1507
1475
1554
1531
1417
1403
1356
1309
1279
1333
1392
1270
1233
1154
1081
1087
1139
1155
1107
1017
959
886
865
863
857
797
695
686
628
612
624
600
563
518
463
406
386
368
383
349
318
285
273
264
258
